Dijkstry Macierz - 0.3
200 0.0007
400 0.00187
600 0.003887
800 0.0063887
1000 0.0107389
1200 0.0140739
1400 0.0210074
1600 0.0322007
1800 0.0410201
2000 0.050302
2200 0.0571302
2400 0.067613
2600 0.0798613
2800 0.0946861

Dijkstry Macierz - 0.5
200 0.0012
400 0.00592
600 0.014892
800 0.0121892
1000 0.0133189
1200 0.0183319
1400 0.0254332
1600 0.0358433
1800 0.0467843
2000 0.0600784
2200 0.0709078
2400 0.0851908
2600 0.0988191
2800 0.116682

Dijkstry Macierz - 0.75
200 0.0026
400 0.01026
600 0.027926
800 0.0116926
1000 0.0129693
1200 0.0155969
1400 0.0224597
1600 0.030146
1800 0.0398146
2000 0.0498815
2200 0.0606881
2400 0.0712688
2600 0.0860269
2800 0.100803

Dijkstry Macierz - 0.9
200 0.0024
400 0.01744
600 0.022644
800 0.0100644
1000 0.0115064
1200 0.0139506
1400 0.0184951
1600 0.0275495
1800 0.037055
2000 0.0431055
2200 0.0516105
2400 0.0632611
2600 0.0725261
2800 0.0864526
