Dijkstry Lista - 0.3
200 0.0005
400 0.00175
600 0.004875
800 0.0084375
1000 0.0142188
1200 0.0236094
1400 0.0353047
1600 0.0511523
1800 0.0710762
2000 0.0980381
2200 0.128519
2400 0.17776
2600 0.21688
2800 0.26494


Dijkstry Lista - 0.5
200 0.001
400 0.0035
600 0.00625
800 0.012625
1000 0.0208125
1200 0.0354063
1400 0.0592031
1600 0.0851016
1800 0.117051
2000 0.158525
2200 0.208763
2400 0.278381
2600 0.349191
2800 0.433595



Dijkstry Lista - 0.75
200 0.0015
400 0.00325
600 0.008625
800 0.0163125
1000 0.0306562
1200 0.0518281
1400 0.0799141
1600 0.118457
1800 0.168729
2000 0.227364
2200 0.305182
2400 0.397591
2600 0.499796
2800 0.619398

Dijkstry Lista - 0.9
200 0.0015
400 0.00525
600 0.010125
800 0.0185625
1000 0.0352813
1200 0.0606406
1400 0.0933203
1600 0.13816
1800 0.19858
2000 0.26979
2200 0.368395
2400 0.501198
2600 0.619599
2800 0.744299

