Kruskal Macierz - 0.3
200 0.0011
400 0.00431
600 0.009631
800 0.0179631
1000 0.0289963
1200 0.0425996
1400 0.05856
1600 0.079756
1800 0.111076
2000 0.127508
2200 0.155551
2400 0.186055
2600 0.215106
2800 0.254611

Kruskal Macierz - 0.5
200 0.002
400 0.0071
600 0.01691
800 0.029591
1000 0.0468591
1200 0.0702859
1400 0.105929
1600 0.138993
1800 0.165699
2000 0.20817
2200 0.250917
2400 0.299192
2600 0.362519
2800 0.426552

Kruskal Macierz - 0.75
200 0.0026
400 0.01016
600 0.024016
800 0.0437016
1000 0.0696702
1200 0.103067
1400 0.145207
1600 0.194921
1800 0.247092
2000 0.307209
2200 0.375621
2400 0.450862
2600 0.540986
2800 0.641799

Kruskal Macierz - 0.9
200 0.0029
400 0.01229
600 0.029029
800 0.0518029
1000 0.0824803
1200 0.120448
1400 0.168545
1600 0.227654
1800 0.291865
2000 0.370287
2200 0.473629
2400 0.615663
2600 0.646966
2800 0.861797
