Kruskal Lista - 0.3
200 0.0025
400 0.01725
600 0.055125
800 0.137563
1000 0.280281
1200 0.507641
1400 0.82532
1600 1.29216
1800 1.89358
2000 2.69979
2200 3.6849
2400 4.90195
2600 6.38447
2800 8.12224

Kruskal Lista - 0.5
200 0.005
400 0.029
600 0.0945
800 0.23575
1000 0.492875
1200 0.856438
1400 1.42822
1600 2.19161
1800 3.2508
2000 4.6374
2200 6.3197
2400 8.64285
2600 11.1439
2800 14.182

Kruskal Lista - 0.75
200 0.0065
400 0.04275
600 0.149375
800 0.369688
1000 0.738344
1200 1.31817
1400 2.21009
1600 3.42804
1800 5.06952
2000 7.16126
2200 9.80063
2400 13.2623
2600 17.1642
2800 21.9526

Kruskal Lista - 0.9
200 0.008
400 0.0535
600 0.17625
800 0.447125
1000 0.913063
1200 1.61003
1400 2.70602
1600 4.18751
1800 6.16925
2000 8.95963
2200 12.0553
2400 16.0227
2600 20.9848
2800 26.6374


