Prim Lista - 0.3
200 0.0007
400 0.00317
600 0.009717
800 0.0206717
1000 0.0394672
1200 0.0601467
1400 0.0830147
1600 0.113201
1800 0.14382
2000 0.199182
2200 0.274118
2400 0.312012
2600 0.381901
2800 0.47699

Prim Lista - 0.5
200 0.0013
400 0.00483
600 0.015183
800 0.0327183
1000 0.0532718
1200 0.0787272
1400 0.111473
1600 0.157847
1800 0.214185
2000 0.289018
2200 0.380502
2400 0.48925
2600 0.621925
2800 0.804793

Prim Lista - 0.75
200 0.0015
400 0.00725
600 0.021125
800 0.0433125
1000 0.0684312
1200 0.101943
1400 0.154494
1600 0.226749
1800 0.316475
2000 0.429847
2200 0.576085
2400 0.738508
2600 0.955351
2800 1.15394

Prim Lista - 0.9
200 0.002
400 0.008
600 0.0238
800 0.04528
1000 0.071628
1200 0.133263
1400 0.182126
1600 0.234413
1800 0.333241
2000 0.449424
2200 0.595442
2400 0.776844
2600 1.015483
2800 1.241283
