Prim Macierz - 0.3
200 0.0008
400 0.00218
600 0.003918
800 0.0064918
1000 0.0122492
1200 0.0139249
1400 0.0192925
1600 0.0257292
1800 0.0343729
2000 0.0417373
2200 0.0513737
2400 0.0620374
2600 0.0738037
2800 0.0857804

Prim Macierz - 0.5
200 0.0012
400 0.00552
600 0.016652
800 0.0157652
1000 0.0159765
1200 0.0186977
1400 0.0238698
1600 0.031887
1800 0.0412887
2000 0.0517289
2200 0.0629729
2400 0.0773973
2600 0.0944397
2800 0.115644

Prim Macierz - 0.75
200 0.0023
400 0.01293
600 0.015193
800 0.0146193
1000 0.0119619
1200 0.0139962
1400 0.0184996
1600 0.02505
1800 0.034305
2000 0.0461305
2200 0.057713
2400 0.0682713
2600 0.0853271
2800 0.0975327


Prim Macierz - 0.9
200 0.0026
400 0.01956
600 0.028156
800 0.0084156
1000 0.0108416
1200 0.0112842
1400 0.0150284
1600 0.0206028
1800 0.0310603
2000 0.040606
2200 0.0496606
2400 0.0582661
2600 0.0708266
2800 0.0844827

